#PATH-POINTS-START Path 1
-160.02,0,120,90
-158.02,0,120
-156.02,0,120
-154.02,0,120
-152.02,0,120
-150.02,0,120
-148.02,0,120
-146.02,0,120
-144.02,0,120
-142.02,0,120
-140.02,0,120
-138.02,0,120
-136.02,0,120
-134.02,0,120
-132.02,0,120
-130.02,0,120
-128.02,0,120
-126.02,0,120
-124.02,0,120
-122.02,0,120,90
-121.92,1.9,120,180
-121.92,3.9,120
-121.92,5.9,120
-121.92,7.9,120
-121.92,9.9,120
-121.92,11.9,120
-121.92,13.9,120
-121.92,15.9,120
-121.92,17.9,120
-121.92,19.9,120
-121.92,21.9,120
-121.92,23.9,120
-121.92,25.9,120
-121.92,27.9,120
-121.92,29.9,120
-121.92,31.9,120
-121.92,33.9,120
-121.92,35.9,120
-121.92,37.9,120
-121.92,39.9,120
-121.92,41.9,120
-121.92,43.9,120
-121.92,45.9,120
-121.92,47.9,120
-121.92,49.9,120
-121.92,51.9,120
-121.92,53.9,120
-121.92,55.9,120
-121.92,57.9,120
-121.92,59.9,120,180
-120.98,60.96,120,90
-118.98,60.96,120
-116.98,60.96,120
-114.98,60.96,120
-112.98,60.96,120
-110.98,60.96,120
-108.98,60.96,120
-106.98,60.96,120
-104.98,60.96,120
-102.98,60.96,120
-100.98,60.96,120
-98.98,60.96,120
-96.98,60.96,120
-94.98,60.96,120
-92.98,60.96,120
-90.98,60.96,120
-88.98,60.96,120
-86.98,60.96,120
-84.98,60.96,120
-82.98,60.96,120
-80.98,60.96,120
-78.98,60.96,120
-76.98,60.96,120
-74.98,60.96,120
-72.98,60.96,120
-70.98,60.96,120
-68.98,60.96,120
-66.98,60.96,120
-64.98,60.96,120
-62.98,60.96,120
-60.98,60.96,120,90
-59.575,62.375,120,45
-58.177,63.805,120
-56.778,65.235,120
-55.379,66.664,120
-53.98,68.093,120
-52.58,69.522,120
-51.179,70.949,120
-49.777,72.375,120
-48.373,73.8,120
-46.967,75.222,120
-45.559,76.642,120
-44.148,78.059,120
-42.733,79.473,120
-41.313,80.882,120
-39.889,82.286,120
-38.46,83.685,120
-37.023,85.076,120
-35.579,86.46,120
-34.128,87.836,120
-32.665,89.2,120
-31.193,90.554,120
-29.707,91.892,120
-28.208,93.217,120
-26.694,94.523,120
-25.162,95.809,120
-23.613,97.074,120
-22.043,98.313,120
-20.451,99.523,120
-18.836,100.702,120
-17.196,101.848,120
-15.531,102.956,120
-13.84,104.024,120
-12.123,105.049,120
-10.379,106.028,120
-8.61,106.961,120
-6.816,107.846,120
-5,108.682,120
-3.161,109.47,120
-1.304,110.211,120
0.571,110.907,120
2.461,111.561,120
4.365,112.174,120
6.28,112.75,120
8.206,113.289,120
10.14,113.796,120
12.082,114.276,120
14.03,114.727,120
15.984,115.155,120
17.942,115.562,120
19.904,115.949,120
21.87,116.318,120
23.838,116.673,120
25.809,117.013,120
27.782,117.342,120
29.757,117.66,120
31.733,117.967,120
33.71,118.266,120
35.689,118.558,120
37.668,118.844,120
39.649,119.124,120
41.63,119.398,120
43.611,119.668,120
45.594,119.935,120
47.576,120.198,120
49.559,120.458,120
51.542,120.716,120
53.526,120.972,120
55.51,121.227,120
57.494,121.48,120
59.478,121.732,120,90
60.454,121.92,120,270
58.454,121.92,120
56.454,121.92,120
54.454,121.92,120
52.454,121.92,120
50.454,121.92,120
48.454,121.92,120
46.454,121.92,120
44.454,121.92,120
42.454,121.92,120
40.454,121.92,120
38.454,121.92,120
36.454,121.92,120
34.454,121.92,120
32.454,121.92,120
30.454,121.92,120
28.454,121.92,120
26.454,121.92,120
24.454,121.92,120
22.454,121.92,120
20.454,121.92,120
18.454,121.92,120
16.454,121.92,120
14.454,121.92,120
12.454,121.92,120
10.454,121.92,120
8.454,121.92,120
6.454,121.92,120
4.454,121.92,120
2.454,121.92,120
0.454,121.92,120
-1.546,121.92,120
-3.546,121.92,120
-5.546,121.92,120
-7.546,121.92,120
-9.546,121.92,120
-11.546,121.92,120
-13.546,121.92,120
-15.546,121.92,120
-17.546,121.92,120
-19.546,121.92,120
-21.546,121.92,120
-23.546,121.92,120
-25.546,121.92,120
-27.546,121.92,120
-29.546,121.92,120
-31.546,121.92,120
-33.546,121.92,120
-35.546,121.92,120
-37.546,121.92,120
-39.546,121.92,120
-41.546,121.92,120
-43.546,121.92,120
-45.546,121.92,120
-47.546,121.92,120
-49.546,121.92,120
-51.546,121.92,120
-53.546,121.92,120
-55.546,121.92,120
-57.546,121.92,120
-59.546,121.92,120
-61.546,121.92,120
-63.546,121.92,120
-65.546,121.92,120
-67.546,121.92,120
-69.546,121.92,120
-71.546,121.92,120
-73.546,121.92,120
-75.546,121.92,120
-77.546,121.92,120
-79.546,121.92,120
-81.546,121.92,120
-83.546,121.92,120
-85.546,121.92,120
-87.546,121.92,120
-89.546,121.92,120
-91.546,121.92,120
-93.546,121.92,120
-95.546,121.92,120
-97.546,121.92,120
-99.546,121.92,120
-101.546,121.92,120
-103.546,121.92,120
-105.546,121.92,120
-107.546,121.92,120
-109.546,121.92,120
-111.546,121.92,120
-113.546,121.92,120
-115.546,121.92,120
-117.546,121.92,120
-119.546,121.92,120
-121.546,121.92,120
-123.546,121.92,120
-125.546,121.92,120
-127.546,121.92,120
-129.546,121.92,120
-131.546,121.92,120
-133.546,121.92,120
-135.546,121.92,120
-137.546,121.92,120
-139.546,121.92,120
-141.546,121.92,120
-143.546,121.92,120
-145.546,121.92,120
-147.546,121.92,120
-149.546,121.92,120
-152.4,121.92,120,270
-152.4,121.92,0,270
#PATH.JERRYIO-DATA {"appVersion":"0.8.3","format":"path.jerryio v0.1","gc":{"robotWidth":13.5,"robotHeight":16,"robotIsHolonomic":false,"showRobot":true,"uol":2.54,"pointDensity":0.7874015748031495,"controlMagnetDistance":1.968503937007874,"fieldImage":{"displayName":"V5RC 2025 - High Stakes (Skills)","signature":"V5RC 2025 - High Stakes (Skills)","origin":{"__type":"built-in"}},"coordinateSystem":"VEX Gaming Positioning System"},"paths":[{"segments":[{"controls":[{"uid":"CNe6rG2hhq","x":-63,"y":0,"lock":false,"visible":true,"heading":90,"__type":"end-point"},{"uid":"OTT8hfZNBO","x":-48,"y":0,"lock":false,"visible":true,"heading":90,"__type":"end-point"}],"speedProfiles":[],"lookaheadKeyframes":[],"uid":"59oobq9RvE"},{"controls":[{"uid":"OTT8hfZNBO","x":-48,"y":0,"lock":false,"visible":true,"heading":90,"__type":"end-point"},{"uid":"r01tAJODDX","x":-48,"y":0,"lock":false,"visible":true,"heading":180,"__type":"end-point"}],"speedProfiles":[],"lookaheadKeyframes":[],"uid":"EQPaZHg27I"},{"controls":[{"uid":"r01tAJODDX","x":-48,"y":0,"lock":false,"visible":true,"heading":180,"__type":"end-point"},{"uid":"a4Mb9bxjQP","x":-48,"y":24,"lock":false,"visible":true,"heading":180,"__type":"end-point"}],"speedProfiles":[],"lookaheadKeyframes":[],"uid":"MSuXuuzBaa"},{"controls":[{"uid":"a4Mb9bxjQP","x":-48,"y":24,"lock":false,"visible":true,"heading":180,"__type":"end-point"},{"uid":"FkJPWP4UEX","x":-48,"y":24,"lock":false,"visible":true,"heading":90,"__type":"end-point"}],"speedProfiles":[],"lookaheadKeyframes":[],"uid":"x8hioOMhXh"},{"controls":[{"uid":"FkJPWP4UEX","x":-48,"y":24,"lock":false,"visible":true,"heading":90,"__type":"end-point"},{"uid":"tHAyOuMVWW","x":-24,"y":24,"lock":false,"visible":true,"heading":90,"__type":"end-point"}],"speedProfiles":[],"lookaheadKeyframes":[],"uid":"yJMD1apXpg"},{"controls":[{"uid":"tHAyOuMVWW","x":-24,"y":24,"lock":false,"visible":true,"heading":90,"__type":"end-point"},{"uid":"EmSKgEzdnd","x":-24,"y":24,"lock":false,"visible":true,"heading":45,"__type":"end-point"}],"speedProfiles":[],"lookaheadKeyframes":[],"uid":"nfMYc4prxy"},{"controls":[{"uid":"EmSKgEzdnd","x":-24,"y":24,"lock":false,"visible":true,"heading":45,"__type":"end-point"},{"uid":"xOjGbRAjxO","x":-4.524576473395371,"y":43.900620376998326,"lock":false,"visible":true,"__type":"control"},{"uid":"wKDNzLQdDc","x":-4.524576473395371,"y":44.389763779527556,"lock":false,"visible":true,"__type":"control"},{"uid":"1DNCy99e6m","x":24,"y":48,"lock":false,"visible":true,"heading":90,"__type":"end-point"}],"speedProfiles":[],"lookaheadKeyframes":[],"uid":"rXE3z5YeNQ"},{"controls":[{"uid":"1DNCy99e6m","x":24,"y":48,"lock":false,"visible":true,"heading":90,"__type":"end-point"},{"uid":"nSGqqq4fGj","x":24,"y":48,"lock":false,"visible":true,"heading":270,"__type":"end-point"}],"speedProfiles":[],"lookaheadKeyframes":[],"uid":"QpqPgSTdwK"},{"controls":[{"uid":"nSGqqq4fGj","x":24,"y":48,"lock":false,"visible":true,"heading":270,"__type":"end-point"},{"uid":"jYDNooTiLE","x":-60,"y":48,"lock":false,"visible":true,"heading":270,"__type":"end-point"}],"speedProfiles":[],"lookaheadKeyframes":[],"uid":"doDw2SyPx6"}],"pc":{"speedLimit":{"minLimit":{"value":0,"label":"0"},"maxLimit":{"value":600,"label":"600"},"step":1,"from":40,"to":120},"bentRateApplicableRange":{"minLimit":{"value":0,"label":"0"},"maxLimit":{"value":1,"label":"1"},"step":0.001,"from":0,"to":0.1}},"name":"Path","uid":"csEUZYBU15","lock":false,"visible":true}]}